
Kept: [1345583731 : 1 0.592159 0.594048 0.592593 0.648048]
Kept: [1345583727 : 1 0.90397 0.641601 0.657407 0.67307]
Kept: [1345583730 : 1 0.520579 0.78684 0.601852 0.777869]
Kept: [1345583715 : 1 0.553115 0.742012 0.685185 0.807533]
Kept: [1345583719 : 1 0.585652 0.449532 0.509259 0.495326]
Kept: [1345583731 : 1 0.598666 0.592434 0.537037 0.631136]
Kept: [1345583731 : 1 0.598666 0.592434 0.537037 0.631136]
Kept: [1345583731 : 1 0.598666 0.592434 0.537037 0.631136]
Kept: [1345583731 : 1 0.598666 0.592434 0.537037 0.631136]
Kept: [1345583719 : 1 0.585652 0.449532 0.509259 0.495326]
Kept: [1345583731 : 1 0.598666 0.592434 0.537037 0.631136]
Kept: [1345583731 : 1 0.598666 0.592434 0.537037 0.631136]
Kept: [1345583731 : 1 0.598666 0.592434 0.537037 0.631136]
Kept: [1345583731 : 1 0.598666 0.592434 0.537037 0.631136]
Kept: [1345583731 : 1 0.598666 0.592434 0.537037 0.631136]
Kept: [1345583731 : 1 0.592159 0.594048 0.592593 0.648048]
Kept: [1345583731 : 1 0.592159 0.594048 0.592593 0.648048]
Kept: [1345583731 : 1 0.592159 0.594048 0.592593 0.648048]
Kept: [1345583731 : 1 0.598666 0.592434 0.537037 0.631136]
Kept: [1345583731 : 1 0.598666 0.592434 0.537037 0.631136]
Kept: [1345583731 : 1 0.598666 0.592434 0.537037 0.631136]
Kept: [1345583731 : 1 0.592159 0.594048 0.592593 0.648048]
Kept: [1345583731 : 1 0.592159 0.594048 0.592593 0.648048]
Kept: [1345583731 : 1 0.592159 0.594048 0.592593 0.648048]
Kept: [1345583731 : 1 0.592159 0.594048 0.592593 0.648048]
Kept: [1345583731 : 1 0.598666 0.592434 0.537037 0.631136]
Kept: [1345583731 : 1 0.598666 0.592434 0.537037 0.631136]
Kept: [1345583731 : 1 0.598666 0.592434 0.537037 0.631136]
Kept: [1345583731 : 1 0.592159 0.594048 0.592593 0.648048]
Kept: [1345583731 : 1 0.592159 0.594048 0.592593 0.648048]
Kept: [1345583731 : 1 0.592159 0.594048 0.592593 0.648048]
Kept: [1345583731 : 1 0.592159 0.594048 0.592593 0.648048]
Kept: [1345583731 : 1 0.598666 0.592434 0.537037 0.631136]
Kept: [1345583731 : 1 0.598666 0.592434 0.537037 0.631136]
Kept: [1345583731 : 1 0.598666 0.592434 0.537037 0.631136]
Kept: [1345583731 : 1 0.592159 0.594048 0.592593 0.648048]
Kept: [1345583731 : 1 0.592159 0.594048 0.592593 0.648048]
Kept: [1345583731 : 1 0.592159 0.594048 0.592593 0.648048]
Kept: [1345583731 : 1 0.592159 0.594048 0.592593 0.648048]
Kept: [1345583731 : 1 0.598666 0.592434 0.537037 0.631136]
Kept: [1345583731 : 1 0.598666 0.592434 0.537037 0.631136]
Kept: [1345583731 : 1 0.598666 0.592434 0.537037 0.631136]
Kept: [1345583731 : 1 0.592159 0.594048 0.592593 0.648048]
Kept: [1345583731 : 1 0.592159 0.594048 0.592593 0.648048]
Kept: [1345583731 : 1 0.592159 0.594048 0.592593 0.648048]
Kept: [1345583731 : 1 0.592159 0.594048 0.592593 0.648048]
Kept: [1345583731 : 1 0.598666 0.592434 0.537037 0.631136]
Kept: [1345583731 : 1 0.598666 0.592434 0.537037 0.631136]
Kept: [1345583731 : 1 0.598666 0.592434 0.537037 0.631136]
Kept: [1345583731 : 1 0.592159 0.594048 0.592593 0.648048]
Kept: [1345583731 : 1 0.592159 0.594048 0.592593 0.648048]
Kept: [1345583731 : 1 0.592159 0.594048 0.592593 0.648048]
Kept: [1345583731 : 1 0.592159 0.594048 0.592593 0.648048]
Kept: [1345583731 : 1 0.598666 0.592434 0.537037 0.631136]
Kept: [1345583731 : 1 0.598666 0.592434 0.537037 0.631136]
Kept: [1345583731 : 1 0.598666 0.592434 0.537037 0.631136]
Kept: [1345583731 : 1 0.592159 0.594048 0.592593 0.648048]
Kept: [1345583731 : 1 0.592159 0.594048 0.592593 0.648048]
Kept: [1345583731 : 1 0.592159 0.594048 0.592593 0.648048]
Kept: [1345583731 : 1 0.592159 0.594048 0.592593 0.648048]
Kept: [1345583731 : 1 0.598666 0.592434 0.537037 0.631136]
Kept: [1345583731 : 1 0.598666 0.592434 0.537037 0.631136]
Kept: [1345583731 : 1 0.598666 0.592434 0.537037 0.631136]
Kept: [1345583731 : 1 0.592159 0.594048 0.592593 0.648048]
Kept: [1345583731 : 1 0.592159 0.594048 0.592593 0.648048]
Kept: [1345583731 : 1 0.592159 0.594048 0.592593 0.648048]
Kept: [1345583731 : 1 0.592159 0.594048 0.592593 0.648048]
Kept: [1345583731 : 1 0.598666 0.592434 0.537037 0.631136]
Kept: [1345583731 : 1 0.598666 0.592434 0.537037 0.631136]
Kept: [1345583731 : 1 0.598666 0.592434 0.537037 0.631136]
Kept: [1345583731 : 1 0.592159 0.594048 0.592593 0.648048]
Kept: [1345583731 : 1 0.592159 0.594048 0.592593 0.648048]
Kept: [1345583731 : 1 0.592159 0.594048 0.592593 0.648048]
Kept: [1345583731 : 1 0.592159 0.594048 0.592593 0.648048]
Kept: [1345583731 : 1 0.598666 0.592434 0.537037 0.631136]
Kept: [1345583731 : 1 0.598666 0.592434 0.537037 0.631136]
Kept: [1345583731 : 1 0.598666 0.592434 0.537037 0.631136]
Kept: [1345583731 : 1 0.592159 0.594048 0.592593 0.648048]
Kept: [1345583731 : 1 0.592159 0.594048 0.592593 0.648048]
Kept: [1345583731 : 1 0.592159 0.594048 0.592593 0.648048]
Kept: [1345583731 : 1 0.592159 0.594048 0.592593 0.648048]
Kept: [1345583731 : 1 0.598666 0.592434 0.537037 0.631136]
Kept: [1345583731 : 1 0.598666 0.592434 0.537037 0.631136]
Kept: [1345583731 : 1 0.598666 0.592434 0.537037 0.631136]
Kept: [1345583731 : 1 0.592159 0.594048 0.592593 0.648048]
Kept: [1345583731 : 1 0.592159 0.594048 0.592593 0.648048]
Kept: [1345583731 : 1 0.592159 0.594048 0.592593 0.648048]
Kept: [1345583731 : 1 0.592159 0.594048 0.592593 0.648048]
Kept: [1345583731 : 1 0.598666 0.592434 0.537037 0.631136]
Kept: [1345583731 : 1 0.598666 0.592434 0.537037 0.631136]
Kept: [1345583731 : 1 0.598666 0.592434 0.537037 0.631136]
Kept: [1345583731 : 1 0.592159 0.594048 0.592593 0.648048]
Kept: [1345583731 : 1 0.592159 0.594048 0.592593 0.648048]
Kept: [1345583731 : 1 0.592159 0.594048 0.592593 0.648048]
Kept: [1345583731 : 1 0.592159 0.594048 0.592593 0.648048]
Kept: [1345583731 : 1 0.598666 0.592434 0.537037 0.631136]
Kept: [1345583731 : 1 0.598666 0.592434 0.537037 0.631136]
Kept: [1345583731 : 1 0.598666 0.592434 0.537037 0.631136]
Kept: [1345583731 : 1 0.592159 0.594048 0.592593 0.648048]
Kept: [1345583731 : 1 0.592159 0.594048 0.592593 0.648048]
Kept: [1345583731 : 1 0.592159 0.594048 0.592593 0.648048]
Kept: [1345583731 : 1 0.592159 0.594048 0.592593 0.648048]
Kept: [1345583731 : 1 0.598666 0.592434 0.537037 0.631136]
Kept: [1345583731 : 1 0.598666 0.592434 0.537037 0.631136]
Kept: [1345583731 : 1 0.598666 0.592434 0.537037 0.631136]
Kept: [1345583731 : 1 0.592159 0.594048 0.592593 0.648048]
Kept: [1345583731 : 1 0.592159 0.594048 0.592593 0.648048]
Kept: [1345583731 : 1 0.592159 0.594048 0.592593 0.648048]
Kept: [1345583731 : 1 0.592159 0.594048 0.592593 0.648048]
Kept: [1345583731 : 1 0.598666 0.592434 0.537037 0.631136]
Kept: [1345583731 : 1 0.598666 0.592434 0.537037 0.631136]
Kept: [1345583731 : 1 0.598666 0.592434 0.537037 0.631136]
Kept: [1345583731 : 1 0.592159 0.594048 0.592593 0.648048]
Kept: [1345583731 : 1 0.592159 0.594048 0.592593 0.648048]
Kept: [1345583731 : 1 0.592159 0.594048 0.592593 0.648048]
Kept: [1345583731 : 1 0.592159 0.594048 0.592593 0.648048]
Kept: [1345583731 : 1 0.598666 0.592434 0.537037 0.631136]
Kept: [1345583731 : 1 0.598666 0.592434 0.537037 0.631136]
Kept: [1345583731 : 1 0.598666 0.592434 0.537037 0.631136]
Kept: [1345583731 : 1 0.592159 0.594048 0.592593 0.648048]
Kept: [1345583731 : 1 0.592159 0.594048 0.592593 0.648048]
Kept: [1345583731 : 1 0.592159 0.594048 0.592593 0.648048]
Kept: [1345583731 : 1 0.592159 0.594048 0.592593 0.648048]
Kept: [1345583731 : 1 0.598666 0.592434 0.537037 0.631136]
Kept: [1345583731 : 1 0.598666 0.592434 0.537037 0.631136]
Kept: [1345583731 : 1 0.598666 0.592434 0.537037 0.631136]
Kept: [1345583731 : 1 0.592159 0.594048 0.592593 0.648048]
Kept: [1345583731 : 1 0.592159 0.594048 0.592593 0.648048]
Kept: [1345583731 : 1 0.592159 0.594048 0.592593 0.648048]
Kept: [1345583731 : 1 0.592159 0.594048 0.592593 0.648048]
Kept: [1345583731 : 1 0.598666 0.592434 0.537037 0.631136]
Kept: [1345583731 : 1 0.598666 0.592434 0.537037 0.631136]
Kept: [1345583731 : 1 0.598666 0.592434 0.537037 0.631136]
Kept: [1345583731 : 1 0.592159 0.594048 0.592593 0.648048]
Kept: [1345583731 : 1 0.592159 0.594048 0.592593 0.648048]
Kept: [1345583731 : 1 0.592159 0.594048 0.592593 0.648048]
Kept: [1345583731 : 1 0.592159 0.594048 0.592593 0.648048]
Kept: [1345583731 : 1 0.598666 0.592434 0.537037 0.631136]
Kept: [1345583731 : 1 0.598666 0.592434 0.537037 0.631136]
Kept: [1345583731 : 1 0.598666 0.592434 0.537037 0.631136]
Kept: [1345583731 : 1 0.592159 0.594048 0.592593 0.648048]
Kept: [1345583731 : 1 0.592159 0.594048 0.592593 0.648048]
Kept: [1345583731 : 1 0.592159 0.594048 0.592593 0.648048]
Kept: [1345583731 : 1 0.592159 0.594048 0.592593 0.648048]
Kept: [1345583731 : 1 0.598666 0.592434 0.537037 0.631136]
Kept: [1345583731 : 1 0.598666 0.592434 0.537037 0.631136]
Kept: [1345583731 : 1 0.598666 0.592434 0.537037 0.631136]
Kept: [1345583731 : 1 0.592159 0.594048 0.592593 0.648048]
Kept: [1345583731 : 1 0.592159 0.594048 0.592593 0.648048]
Kept: [1345583731 : 1 0.592159 0.594048 0.592593 0.648048]
Kept: [1345583731 : 1 0.592159 0.594048 0.592593 0.648048]
Kept: [1345583731 : 1 0.598666 0.592434 0.537037 0.631136]
Kept: [1345583731 : 1 0.598666 0.592434 0.537037 0.631136]
Kept: [1345583731 : 1 0.598666 0.592434 0.537037 0.631136]
Kept: [1345583731 : 1 0.592159 0.594048 0.592593 0.648048]
Kept: [1345583731 : 1 0.592159 0.594048 0.592593 0.648048]
Kept: [1345583731 : 1 0.592159 0.594048 0.592593 0.648048]
Kept: [1345583731 : 1 0.592159 0.594048 0.592593 0.648048]
Kept: [1345583731 : 1 0.598666 0.592434 0.537037 0.631136]
Kept: [1345583731 : 1 0.598666 0.592434 0.537037 0.631136]
Kept: [1345583731 : 1 0.598666 0.592434 0.537037 0.631136]
Kept: [1345583731 : 1 0.592159 0.594048 0.592593 0.648048]
Kept: [1345583731 : 1 0.592159 0.594048 0.592593 0.648048]
Kept: [1345583731 : 1 0.592159 0.594048 0.592593 0.648048]
Kept: [1345583731 : 1 0.592159 0.594048 0.592593 0.648048]
Kept: [1345583731 : 1 0.598666 0.592434 0.537037 0.631136]
Kept: [1345583731 : 1 0.598666 0.592434 0.537037 0.631136]
Kept: [1345583731 : 1 0.598666 0.592434 0.537037 0.631136]
Kept: [1345583731 : 1 0.592159 0.594048 0.592593 0.648048]
Kept: [1345583731 : 1 0.592159 0.594048 0.592593 0.648048]
Kept: [1345583731 : 1 0.592159 0.594048 0.592593 0.648048]
Kept: [1345583731 : 1 0.592159 0.594048 0.592593 0.648048]
Kept: [1345583731 : 1 0.598666 0.592434 0.537037 0.631136]
Kept: [1345583731 : 1 0.598666 0.592434 0.537037 0.631136]
Kept: [1345583731 : 1 0.598666 0.592434 0.537037 0.631136]
Kept: [1345583731 : 1 0.592159 0.594048 0.592593 0.648048]
Kept: [1345583731 : 1 0.592159 0.594048 0.592593 0.648048]
Kept: [1345583731 : 1 0.592159 0.594048 0.592593 0.648048]
Kept: [1345583731 : 1 0.592159 0.594048 0.592593 0.648048]
Kept: [1345583731 : 1 0.598666 0.592434 0.537037 0.631136]
Kept: [1345583731 : 1 0.598666 0.592434 0.537037 0.631136]
Kept: [1345583731 : 1 0.598666 0.592434 0.537037 0.631136]
Kept: [1345583731 : 1 0.592159 0.594048 0.592593 0.648048]
Kept: [1345583731 : 1 0.592159 0.594048 0.592593 0.648048]
Kept: [1345583731 : 1 0.592159 0.594048 0.592593 0.648048]
Kept: [1345583731 : 1 0.592159 0.594048 0.592593 0.648048]
Kept: [1345583731 : 1 0.598666 0.592434 0.537037 0.631136]
Kept: [1345583731 : 1 0.598666 0.592434 0.537037 0.631136]
Kept: [1345583731 : 1 0.598666 0.592434 0.537037 0.631136]
Kept: [1345583731 : 1 0.592159 0.594048 0.592593 0.648048]
Kept: [1345583731 : 1 0.592159 0.594048 0.592593 0.648048]
Kept: [1345583731 : 1 0.592159 0.594048 0.592593 0.648048]
Kept: [1345583731 : 1 0.592159 0.594048 0.592593 0.648048]
Kept: [1345583731 : 1 0.598666 0.592434 0.537037 0.631136]
Kept: [1345583731 : 1 0.598666 0.592434 0.537037 0.631136]
Kept: [1345583731 : 1 0.598666 0.592434 0.537037 0.631136]
Kept: [1345583731 : 1 0.592159 0.594048 0.592593 0.648048]
Kept: [1345583731 : 1 0.592159 0.594048 0.592593 0.648048]
Kept: [1345583731 : 1 0.592159 0.594048 0.592593 0.648048]
Kept: [1345583731 : 1 0.592159 0.594048 0.592593 0.648048]
Kept: [1345583731 : 1 0.598666 0.592434 0.537037 0.631136]
Kept: [1345583731 : 1 0.598666 0.592434 0.537037 0.631136]
Kept: [1345583731 : 1 0.598666 0.592434 0.537037 0.631136]
Kept: [1345583731 : 1 0.592159 0.594048 0.592593 0.648048]
Kept: [1345583731 : 1 0.592159 0.594048 0.592593 0.648048]
Kept: [1345583731 : 1 0.592159 0.594048 0.592593 0.648048]
Kept: [1345583731 : 1 0.592159 0.594048 0.592593 0.648048]
Kept: [1345583731 : 1 0.598666 0.592434 0.537037 0.631136]
Kept: [1345583731 : 1 0.598666 0.592434 0.537037 0.631136]
Kept: [1345583731 : 1 0.598666 0.592434 0.537037 0.631136]
Kept: [1345583731 : 1 0.592159 0.594048 0.592593 0.648048]
Kept: [1345583731 : 1 0.592159 0.594048 0.592593 0.648048]
Kept: [1345583731 : 1 0.592159 0.594048 0.592593 0.648048]
Kept: [1345583731 : 1 0.592159 0.594048 0.592593 0.648048]
Kept: [1345583731 : 1 0.598666 0.592434 0.537037 0.631136]
Kept: [1345583731 : 1 0.598666 0.592434 0.537037 0.631136]
Kept: [1345583731 : 1 0.598666 0.592434 0.537037 0.631136]
Kept: [1345583731 : 1 0.592159 0.594048 0.592593 0.648048]
Kept: [1345583731 : 1 0.592159 0.594048 0.592593 0.648048]
Kept: [1345583731 : 1 0.592159 0.594048 0.592593 0.648048]
Kept: [1345583731 : 1 0.592159 0.594048 0.592593 0.648048]
Kept: [1345583731 : 1 0.598666 0.592434 0.537037 0.631136]
Kept: [1345583731 : 1 0.598666 0.592434 0.537037 0.631136]
Kept: [1345583731 : 1 0.598666 0.592434 0.537037 0.631136]
Kept: [1345583731 : 1 0.592159 0.594048 0.592593 0.648048]
Kept: [1345583731 : 1 0.592159 0.594048 0.592593 0.648048]
Kept: [1345583731 : 1 0.592159 0.594048 0.592593 0.648048]
Kept: [1345583731 : 1 0.592159 0.594048 0.592593 0.648048]
Kept: [1345583731 : 1 0.598666 0.592434 0.537037 0.631136]
Kept: [1345583731 : 1 0.598666 0.592434 0.537037 0.631136]
Kept: [1345583731 : 1 0.598666 0.592434 0.537037 0.631136]
Kept: [1345583731 : 1 0.592159 0.594048 0.592593 0.648048]
Kept: [1345583731 : 1 0.592159 0.594048 0.592593 0.648048]
Kept: [1345583731 : 1 0.592159 0.594048 0.592593 0.648048]
Kept: [1345583731 : 1 0.592159 0.594048 0.592593 0.648048]
Kept: [1345583731 : 1 0.598666 0.592434 0.537037 0.631136]
Kept: [1345583731 : 1 0.598666 0.592434 0.537037 0.631136]
Kept: [1345583731 : 1 0.598666 0.592434 0.537037 0.631136]
Kept: [1345583731 : 1 0.592159 0.594048 0.592593 0.648048]
Kept: [1345583731 : 1 0.592159 0.594048 0.592593 0.648048]
Kept: [1345583731 : 1 0.592159 0.594048 0.592593 0.648048]
Kept: [1345583731 : 1 0.592159 0.594048 0.592593 0.648048]
Kept: [1345583731 : 1 0.598666 0.592434 0.537037 0.631136]
Kept: [1345583731 : 1 0.598666 0.592434 0.537037 0.631136]
Kept: [1345583731 : 1 0.598666 0.592434 0.537037 0.631136]
Kept: [1345583731 : 1 0.592159 0.594048 0.592593 0.648048]
Kept: [1345583731 : 1 0.592159 0.594048 0.592593 0.648048]
Kept: [1345583731 : 1 0.592159 0.594048 0.592593 0.648048]
Kept: [1345583731 : 1 0.592159 0.594048 0.592593 0.648048]
Kept: [1345583731 : 1 0.598666 0.592434 0.537037 0.631136]
Kept: [1345583731 : 1 0.598666 0.592434 0.537037 0.631136]
Kept: [1345583731 : 1 0.598666 0.592434 0.537037 0.631136]
Kept: [1345583731 : 1 0.592159 0.594048 0.592593 0.648048]
Kept: [1345583731 : 1 0.592159 0.594048 0.592593 0.648048]
Kept: [1345583731 : 1 0.592159 0.594048 0.592593 0.648048]
Kept: [1345583731 : 1 0.592159 0.594048 0.592593 0.648048]
Kept: [1345583731 : 1 0.598666 0.592434 0.537037 0.631136]
Kept: [1345583731 : 1 0.598666 0.592434 0.537037 0.631136]
Kept: [1345583731 : 1 0.598666 0.592434 0.537037 0.631136]
Kept: [1345583731 : 1 0.592159 0.594048 0.592593 0.648048]
Kept: [1345583731 : 1 0.592159 0.594048 0.592593 0.648048]
Kept: [1345583731 : 1 0.592159 0.594048 0.592593 0.648048]
Kept: [1345583731 : 1 0.592159 0.594048 0.592593 0.648048]
Kept: [1345583731 : 1 0.598666 0.592434 0.537037 0.631136]
Kept: [1345583731 : 1 0.598666 0.592434 0.537037 0.631136]
Kept: [1345583731 : 1 0.598666 0.592434 0.537037 0.631136]
Kept: [1345583731 : 1 0.592159 0.594048 0.592593 0.648048]
Kept: [1345583731 : 1 0.592159 0.594048 0.592593 0.648048]
Kept: [1345583731 : 1 0.592159 0.594048 0.592593 0.648048]
Kept: [1345583731 : 1 0.592159 0.594048 0.592593 0.648048]
Kept: [1345583731 : 1 0.598666 0.592434 0.537037 0.631136]
Kept: [1345583731 : 1 0.598666 0.592434 0.537037 0.631136]
Kept: [1345583731 : 1 0.598666 0.592434 0.537037 0.631136]
Kept: [1345583731 : 1 0.592159 0.594048 0.592593 0.648048]
Kept: [1345583731 : 1 0.592159 0.594048 0.592593 0.648048]
Kept: [1345583731 : 1 0.592159 0.594048 0.592593 0.648048]
Kept: [1345583731 : 1 0.592159 0.594048 0.592593 0.648048]
Kept: [1345583731 : 1 0.598666 0.592434 0.537037 0.631136]
Kept: [1345583731 : 1 0.598666 0.592434 0.537037 0.631136]
Kept: [1345583731 : 1 0.598666 0.592434 0.537037 0.631136]
Kept: [1345583731 : 1 0.592159 0.594048 0.592593 0.648048]
Kept: [1345583731 : 1 0.592159 0.594048 0.592593 0.648048]
Kept: [1345583731 : 1 0.592159 0.594048 0.592593 0.648048]
Kept: [1345583731 : 1 0.592159 0.594048 0.592593 0.648048]
Kept: [1345583731 : 1 0.598666 0.592434 0.537037 0.631136]
Kept: [1345583731 : 1 0.598666 0.592434 0.537037 0.631136]
Kept: [1345583731 : 1 0.598666 0.592434 0.537037 0.631136]
Kept: [1345583731 : 1 0.592159 0.594048 0.592593 0.648048]
Kept: [1345583731 : 1 0.592159 0.594048 0.592593 0.648048]
Kept: [1345583731 : 1 0.592159 0.594048 0.592593 0.648048]
Kept: [1345583731 : 1 0.592159 0.594048 0.592593 0.648048]
Kept: [1345583731 : 1 0.598666 0.592434 0.537037 0.631136]
Kept: [1345583731 : 1 0.598666 0.592434 0.537037 0.631136]
Kept: [1345583731 : 1 0.598666 0.592434 0.537037 0.631136]
Kept: [1345583731 : 1 0.592159 0.594048 0.592593 0.648048]
Kept: [1345583731 : 1 0.592159 0.594048 0.592593 0.648048]
Kept: [1345583731 : 1 0.592159 0.594048 0.592593 0.648048]
Kept: [1345583731 : 1 0.592159 0.594048 0.592593 0.648048]
Kept: [1345583731 : 1 0.598666 0.592434 0.537037 0.631136]
Kept: [1345583731 : 1 0.598666 0.592434 0.537037 0.631136]
Kept: [1345583731 : 1 0.598666 0.592434 0.537037 0.631136]
Kept: [1345583731 : 1 0.592159 0.594048 0.592593 0.648048]
Kept: [1345583731 : 1 0.592159 0.594048 0.592593 0.648048]
Kept: [1345583731 : 1 0.592159 0.594048 0.592593 0.648048]
Kept: [1345583731 : 1 0.592159 0.594048 0.592593 0.648048]
Kept: [1345583731 : 1 0.598666 0.592434 0.537037 0.631136]
Kept: [1345583731 : 1 0.598666 0.592434 0.537037 0.631136]
Kept: [1345583731 : 1 0.598666 0.592434 0.537037 0.631136]
Kept: [1345583731 : 1 0.592159 0.594048 0.592593 0.648048]
Kept: [1345583731 : 1 0.592159 0.594048 0.592593 0.648048]
Kept: [1345583731 : 1 0.592159 0.594048 0.592593 0.648048]
Kept: [1345583731 : 1 0.592159 0.594048 0.592593 0.648048]
Kept: [1345583731 : 1 0.598666 0.592434 0.537037 0.631136]
Kept: [1345583731 : 1 0.598666 0.592434 0.537037 0.631136]
Kept: [1345583731 : 1 0.598666 0.592434 0.537037 0.631136]
Kept: [1345583731 : 1 0.592159 0.594048 0.592593 0.648048]
Kept: [1345583731 : 1 0.592159 0.594048 0.592593 0.648048]
Kept: [1345583731 : 1 0.592159 0.594048 0.592593 0.648048]
Kept: [1345583731 : 1 0.592159 0.594048 0.592593 0.648048]
Kept: [1345583731 : 1 0.598666 0.592434 0.537037 0.631136]
Kept: [1345583731 : 1 0.598666 0.592434 0.537037 0.631136]
Kept: [1345583731 : 1 0.598666 0.592434 0.537037 0.631136]
Kept: [1345583731 : 1 0.592159 0.594048 0.592593 0.648048]
Kept: [1345583731 : 1 0.592159 0.594048 0.592593 0.648048]
Kept: [1345583731 : 1 0.592159 0.594048 0.592593 0.648048]
Kept: [1345583731 : 1 0.592159 0.594048 0.592593 0.648048]
Kept: [1345583731 : 1 0.598666 0.592434 0.537037 0.631136]
Kept: [1345583731 : 1 0.598666 0.592434 0.537037 0.631136]
Kept: [1345583731 : 1 0.598666 0.592434 0.537037 0.631136]
Kept: [1345583731 : 1 0.592159 0.594048 0.592593 0.648048]
Kept: [1345583731 : 1 0.592159 0.594048 0.592593 0.648048]
Kept: [1345583731 : 1 0.592159 0.594048 0.592593 0.648048]
Kept: [1345583731 : 1 0.592159 0.594048 0.592593 0.648048]
Kept: [1345583731 : 1 0.598666 0.592434 0.537037 0.631136]
Kept: [1345583731 : 1 0.598666 0.592434 0.537037 0.631136]
Kept: [1345583731 : 1 0.598666 0.592434 0.537037 0.631136]
Kept: [1345583731 : 1 0.592159 0.594048 0.592593 0.648048]
Kept: [1345583731 : 1 0.592159 0.594048 0.592593 0.648048]
Kept: [1345583731 : 1 0.592159 0.594048 0.592593 0.648048]
Kept: [1345583731 : 1 0.592159 0.594048 0.592593 0.648048]
Kept: [1345583731 : 1 0.598666 0.592434 0.537037 0.631136]
Kept: [1345583731 : 1 0.598666 0.592434 0.537037 0.631136]
Kept: [1345583731 : 1 0.598666 0.592434 0.537037 0.631136]
Kept: [1345583731 : 1 0.592159 0.594048 0.592593 0.648048]
Kept: [1345583731 : 1 0.592159 0.594048 0.592593 0.648048]
Kept: [1345583731 : 1 0.592159 0.594048 0.592593 0.648048]
Kept: [1345583731 : 1 0.592159 0.594048 0.592593 0.648048]
